[
  {
    mapId: 'user-map',
    name: 'Backyard',
    elements: [
      {
        "type": "LAWN",
        "points": [
          [
            0.239,
            0.184
          ],
          [
            0.577,
            0.22
          ],
          [
            0.646,
            0.1
          ],
          [
            0.859,
            0.103
          ],
          [
            0.833,
            0.223
          ],
          [
            0.607,
            0.288
          ],
          [
            0.919,
            0.397
          ],
          [
            0.865,
            0.546
          ],
          [
            0.806,
            0.674
          ],
          [
            0.572,
            0.557
          ],
          [
            0.518,
            0.739
          ],
          [
            0.771,
            0.813
          ],
          [
            0.436,
            0.902
          ],
          [
            0.201,
            0.908
          ],
          [
            0.067,
            0.718
          ],
          [
            0.014,
            0.422
          ],
          [
            0.079,
            0.249
          ],
          [
            0.234,
            0.184
          ]
        ]
      },
      {
        "type": "NO_GO",
        "points": [
          [
            0.085,
            0.228
          ],
          [
            0.163,
            0.261
          ],
          [
            0.145,
            0.27
          ],
          [
            0.139,
            0.341
          ],
          [
            0.091,
            0.4
          ],
          [
            0.052,
            0.344
          ],
          [
            0.04,
            0.288
          ],
          [
            0.1,
            0.22
          ]
        ]
      },
      {
        "type": "NO_GO",
        "points": [
          [
            0.319,
            0.37
          ],
          [
            0.364,
            0.389
          ],
          [
            0.381,
            0.433
          ],
          [
            0.34,
            0.484
          ],
          [
            0.234,
            0.457
          ],
          [
            0.266,
            0.4
          ],
          [
            0.304,
            0.373
          ]
        ]
      },
      {
        "type": "PATH",
        "points": [
          [
            0.874,
            0.902
          ],
          [
            0.836,
            0.8
          ],
          [
            0.785,
            0.774
          ],
          [
            0.732,
            0.726
          ],
          [
            0.673,
            0.682
          ],
          [
            0.622,
            0.619
          ],
          [
            0.58,
            0.572
          ]
        ]
      }
    ]
